1 0.5658602150537635 0.5690524193548387 0.07997311827956989 0.20413306451612903
0 0.09206989247311828 0.46345766129032256 0.18413978494623656 0.1930443548387097
0 0.3229166666666667 0.20551915322580644 0.15793010752688172 0.21295362903225806
0 0.3479502688172043 0.3220766129032258 0.13205645161290322 0.2399193548387097
0 0.48101478494623656 0.4088961693548387 0.2301747311827957 0.1580141129032258
0 0.5220094086021505 0.2644909274193548 0.1381048387096774 0.14087701612903225
0 0.6323924731182796 0.24458165322580644 0.11290322580645161 0.15297379032258066
0 0.8864247311827957 0.6418850806451613 0.2271505376344086 0.18598790322580644
0 0.9470766129032258 0.4174647177419355 0.10584677419354839 0.15700604838709678
0 0.9754704301075269 0.2651209677419355 0.049059139784946235 0.18800403225806453
0 0.597614247311828 0.36189516129032256 0.07291666666666667 0.1900201612903226